30
Hn2,10,
Hs3,8,9,10,1,
Mx2,8,7,4,5,
Fs5,3,7,6,
Wn6,4,3,
Tm5,4,7,15,
Sn6,4,3,8,14,15,
Sn7,3,2,9,13,14,
Tc8,2,10,11,12,13,
Mn1,2,9,11,
Mn10,9,12,20,
Hn9,11,20,19,13,
Wn8,9,12,19,18,17,14,
Hs15,7,8,13,17,16,
Mn6,7,14,16,
Fn15,14,17,25,
Mm16,14,13,18,24,25,
Mc17,13,19,22,23,24,
Ss13,12,20,21,22,18,
Tn11,12,19,21,
Tm20,19,22,29,30,
Fn18,19,21,29,23,
Hs24,18,22,29,28,27,
Fn17,18,23,27,26,25,
Sc16,17,24,26,
Tn25,24,27,
Sm26,24,23,28,
Mn27,23,29,30,
Hc28,23,22,21,30,
Wn21,29,28,