39
Fn2,9,10,
Sm3,8,9,1,
Mn4,7,8,2,
Wn3,7,6,5,16,17,18,
Fn4,6,
Ss5,4,7,16,
Tn6,4,3,8,15,16,
Hn7,3,2,9,14,15,
Ts8,2,1,10,12,13,14,
Mn1,9,12,11,
Hm10,12,25,
Sc10,11,25,24,23,13,9,
Mn14,9,12,23,22,
Mx8,9,13,22,21,15,
Sn7,8,14,21,20,16,
Hc6,7,15,20,17,4,
Fm4,16,20,19,18,
Tc4,17,19,
Hn18,17,20,31,32,
Fn17,16,15,21,22,31,19,
Hs20,15,14,22,
Wn20,21,14,13,23,29,30,31,
Fn22,13,12,24,26,27,28,29,
Ts23,12,25,26,
Fn11,12,24,26,
Mm25,24,23,27,38,
Mc23,26,38,37,28,
Hn29,23,27,37,36,35,
Sm30,22,23,28,35,34,
Ts31,22,29,34,33,32,
Mm19,20,22,30,32,
Ss19,31,33,
Tc32,31,30,34,
Mn33,30,29,35,
Fn34,29,28,36,
Sc35,28,37,
Hs36,28,27,38,39,
Tn26,27,37,39,
Wn38,37,