48
SmE2,12,13,
FcE1,13,12,11,3,
TmE2,11,8,
HnE8,9,
MnE8,6,21,
SnE5,8,7,20,21,
HnE6,8,9,18,19,20,
WnE5,6,7,9,4,10,11,3,
TsE4,8,10,18,17,
FnE9,8,11,16,17,18,
SnE3,2,12,16,10,8,
TnI11,2,1,13,15,16,
TsI1,12,15,14,
HmI13,15,27,28,
FnI14,13,12,16,27,
HnI11,12,15,27,26,17,10,
MxI10,16,26,25,18,
SnI7,9,10,17,25,19,
FcI20,7,18,25,26,24,23,
FmI6,7,19,23,22,21,
SsE5,6,20,22,
McE21,20,23,36,
HnI22,20,19,24,35,36,
MnI23,19,26,33,34,35,
HsI19,18,17,26,
WnI19,25,17,16,27,30,31,32,33,24,
ScI26,16,15,14,28,29,30,
MsE14,27,29,44,
TnI27,28,44,30,
FsI26,27,29,44,43,31,
TnI26,30,43,42,32,
SmI26,31,42,41,40,33,
TnI26,32,40,34,24,
ScI35,24,33,40,39,38,
MmI36,23,24,34,38,37,
TsE22,23,35,37,
FcE36,35,38,
FnE37,35,34,39,
HmE38,34,40,
MsE39,34,33,32,41,
FnE40,32,42,48,
HnI32,31,43,47,48,41,
MmI42,31,30,44,45,47,
MnE30,29,28,45,43,
TcE43,44,46,47,
WnE45,47,
HsE48,42,43,45,46,
ScE41,42,47,
