30
HnFE2,10,
HsFE3,8,9,10,1,
MxFE2,8,7,4,5,
FsTE5,3,7,6,
WnFE6,4,3,
TmFE5,4,7,15,
SnFI6,4,3,8,14,15,
SnTI7,3,2,9,13,14,
TcTI8,2,10,11,12,13,
MnFE1,2,9,11,
MnFE10,9,12,20,
HnFI9,11,20,19,13,
WnFI8,9,12,19,18,17,14,
HsTI15,7,8,13,17,16,
MnFE6,7,14,16,
FnFE15,14,17,25,
MmFI16,14,13,18,24,25,
McFI17,13,19,22,23,24,
SsTI13,12,20,21,22,18,
TnFE11,12,19,21,
TmTE20,19,22,29,30,
FnTI18,19,21,29,23,
HsFI24,18,22,29,28,27,
FnTI17,18,23,27,26,25,
ScFE16,17,24,26,
TnTE25,24,27,
SmFE26,24,23,28,
MnFE27,23,29,30,
HcTE28,23,22,21,30,
WnFE21,29,28,