39
FnFE2,9,10,
SmTE3,8,9,1,
MnFE4,7,8,2,
WnFE3,7,6,5,16,17,18,
FnFE4,6,
SsTE5,4,7,16,
TnFE6,4,3,8,15,16,
HnFI7,3,2,9,14,15,
TsTI8,2,1,10,12,13,14,
MnFE1,9,12,11,
HmFE10,12,25,
ScTI10,11,25,24,23,13,9,
MnFI14,9,12,23,22,
MxFI8,9,13,22,21,15,
SnTI7,8,14,21,20,16,
HcTE6,7,15,20,17,4,
FmTE4,16,20,19,18,
TcTE4,17,19,
HnTE18,17,20,31,32,
FnFI17,16,15,21,22,31,19,
HsFI20,15,14,22,
WnFI20,21,14,13,23,29,30,31,
FnTI22,13,12,24,26,27,28,29,
TsTI23,12,25,26,
FnFE11,12,24,26,
MmFE25,24,23,27,38,
McFI23,26,38,37,28,
HnTI29,23,27,37,36,35,
SmFI30,22,23,28,35,34,
TsTI31,22,29,34,33,32,
MmFI19,20,22,30,32,
SsFE19,31,33,
TcFE32,31,30,34,
MnFE33,30,29,35,
FnFE34,29,28,36,
ScTE35,28,37,
HsFE36,28,27,38,39,
TnFE26,27,37,39,
WnFE38,37,