48
SmTE2,12,13,
FcTE1,13,12,11,3,
TmFE2,11,8,
HnTE8,9,
MnFE8,6,21,
SnFE5,8,7,20,21,
HnTE6,8,9,18,19,20,
WnFE5,6,7,9,4,10,11,3,
TsFE4,8,10,18,17,
FnTE9,8,11,16,17,18,
SnFE3,2,12,16,10,8,
TnTI11,2,1,13,15,16,
TsTI1,12,15,14,
HmFI13,15,27,28,
FnFI14,13,12,16,27,
HnTI11,12,15,27,26,17,10,
MxFI10,16,26,25,18,
SnTI7,9,10,17,25,19,
FcTI20,7,18,25,26,24,23,
FmTI6,7,19,23,22,21,
SsFE5,6,20,22,
McFE21,20,23,36,
HnFI22,20,19,24,35,36,
MnFI23,19,26,33,34,35,
HsFI19,18,17,26,
WnFI19,25,17,16,27,30,31,32,33,24,
ScTI26,16,15,14,28,29,30,
MsFE14,27,29,44,
TnFI27,28,44,30,
FsFI26,27,29,44,43,31,
TnTI26,30,43,42,32,
SmTI26,31,42,41,40,33,
TnFI26,32,40,34,24,
ScTI35,24,33,40,39,38,
MmFI36,23,24,34,38,37,
TsFE22,23,35,37,
FcTE36,35,38,
FnFE37,35,34,39,
HmFE38,34,40,
MsFE39,34,33,32,41,
FnFE40,32,42,48,
HnFI32,31,43,47,48,41,
MmFI42,31,30,44,45,47,
MnFE30,29,28,45,43,
TcFE43,44,46,47,
WnFE45,47,
HsTE48,42,43,45,46,
ScTE41,42,47,